0,1643,25207,1747,28650,1582,n,2,604,1253,179,453,358,501,193,570,352,303,155,88,482,544,1257,136,431,356,530,235,533,249,336,121,71,434,
1	0,671,11657,788,13707,681,n,0,260,569,88,235,178,240,99,273,170,125,63,26,184,240,582,82,251,117,173,99,246,132,147,59,34,225,
2	0,715,10916,759,12242,658,n,0,258,556,100,258,142,210,100,251,146,119,58,36,180,234,559,60,188,129,191,101,227,106,126,57,21,187,
3	0,754,12399,825,14425,692,n,0,287,608,77,221,173,259,117,311,145,156,79,60,202,242,645,67,232,140,211,131,253,106,158,70,32,224,
4	0,666,8724,564,9781,495,n,0,188,419,52,147,134,190,92,212,107,116,43,23,141,181,469,31,134,99,158,102,165,68,96,55,22,162,
5	0,807,10326,677,11353,590,n,1,236,536,60,182,145,226,123,256,110,126,56,42,175,209,542,41,160,129,206,116,225,89,130,57,26,192,
6	0,834,13560,930,15594,781,n,0,319,668,76,193,215,281,134,315,162,145,69,27,198,289,679,82,266,120,177,102,247,151,152,69,42,248,
7	0,1244,14622,996,16098,843,n,1,337,712,97,252,223,309,144,340,167,184,82,43,234,291,741,74,265,186,279,148,266,145,174,72,23,252,
8	0,562,8853,537,9969,469,n,0,184,382,57,144,110,161,54,196,107,100,55,25,133,169,415,35,129,94,144,76,172,80,105,50,17,151,
9	0,814,11462,772,13141,674,n,0,257,574,87,235,169,243,105,281,134,131,56,37,188,241,586,58,184,133,199,97,252,108,134,54,27,220,
10	0,833,13087,938,15372,758,n,0,324,653,81,204,208,280,120,322,176,140,65,48,202,270,668,70,225,146,207,104,237,134,147,62,30,241,
11	0,673,12803,962,15134,798,n,0,319,667,104,269,218,299,118,307,171,133,74,44,201,288,689,84,266,136,198,125,270,159,167,62,39,251,
12	0,701,11104,718,12863,619,n,1,250,535,68,175,147,204,92,252,131,121,56,33,175,209,536,66,214,133,192,104,223,105,141,47,27,187,
13	0,965,12057,783,13485,683,n,1,271,581,76,199,163,238,100,260,147,153,97,50,209,223,578,56,199,179,271,133,249,112,174,81,20,201,
14	0,856,13670,1032,15792,851,n,1,362,747,94,233,213,298,135,320,199,138,94,64,243,285,716,87,274,193,276,145,286,150,189,59,37,247,
15	0,657,10866,754,12298,662,n,1,255,538,74,184,169,245,96,258,126,121,59,32,166,236,571,63,195,125,183,105,228,109,130,55,26,208,
16	0,684,12468,870,13569,753,n,0,310,644,105,261,143,207,108,317,189,159,67,34,210,270,665,75,239,137,206,117,261,134,153,76,31,201,
17	0,887,15938,1192,18044,1004,n,0,389,850,136,349,277,378,163,379,208,180,110,77,281,340,844,102,324,220,308,166,340,171,220,86,43,309,
18	0,923,13400,947,15206,838,n,0,330,677,84,208,200,293,137,297,170,157,75,41,214,297,691,85,257,158,220,128,264,140,173,67,39,258,
19	0,893,14491,1022,16295,882,n,1,350,736,110,291,211,295,130,369,204,170,73,45,229,309,774,95,285,167,237,135,301,153,164,84,37,266,
20	0,671,11881,819,14056,655,n,0,292,596,71,187,162,225,130,281,175,136,66,52,174,239,618,63,216,113,164,120,200,145,129,58,36,201,
21	0,756,12190,888,13993,740,n,0,307,605,120,301,152,206,89,289,181,133,58,27,182,267,636,71,224,134,187,108,237,121,134,64,31,206,
22	0,964,12799,913,14275,796,n,1,313,670,89,248,196,267,134,315,180,156,72,45,215,282,701,73,247,157,229,143,260,146,153,64,35,226,
23	0,719,14521,927,16078,796,n,0,316,691,102,251,191,280,116,349,161,157,73,45,203,292,724,77,243,134,200,116,301,145,165,74,33,246,
24	0,811,13761,968,15869,804,n,1,331,695,112,285,191,261,118,331,165,148,68,28,218,286,692,78,243,152,216,96,273,138,153,65,39,235,
25	0,691,13324,930,15034,785,n,1,324,685,101,257,180,249,120,331,184,150,66,42,192,279,702,86,272,139,195,121,278,142,161,66,32,225,
26	0,735,11324,750,12281,656,n,0,260,534,83,206,145,208,87,266,139,137,71,34,170,234,582,73,235,115,164,108,222,122,134,61,23,185,
27	0,730,12820,855,14350,753,n,1,293,648,81,210,187,256,117,309,156,145,79,40,195,271,664,73,236,136,200,118,275,126,159,71,36,230,
28	0,790,14275,903,15870,769,n,0,306,660,84,217,205,284,132,337,171,169,81,51,236,260,692,84,280,164,235,136,265,143,169,80,27,254,
29	0,671,12509,879,13804,787,n,1,291,613,85,223,210,282,108,301,161,153,69,40,214,287,660,69,228,143,217,116,254,130,153,75,39,236,
30	0,677,10670,709,12116,639,n,0,248,523,69,186,142,196,93,243,141,118,55,22,168,229,553,67,216,112,163,107,211,115,116,58,27,180,
31	0,912,13530,937,14563,773,n,0,319,663,89,239,208,289,109,331,177,147,72,50,212,276,695,69,225,150,226,117,271,138,152,76,37,247,
32	0,993,14280,1047,15636,886,n,0,369,772,107,286,202,282,153,348,204,155,84,55,247,307,754,84,264,186,266,141,297,141,172,72,39,248,
33	0,673,12328,872,14085,706,n,1,309,623,82,217,171,235,103,280,156,118,73,34,197,246,601,71,220,140,202,96,234,115,151,52,31,212,
34	0,725,12336,886,14394,717,n,0,305,618,81,207,193,261,100,315,183,131,75,42,191,261,638,72,237,121,188,98,250,134,143,65,29,219,
35	0,866,14604,1024,16274,882,n,1,335,741,134,350,218,278,130,329,173,142,77,36,212,327,778,86,287,141,208,153,304,142,166,68,35,251,
36	0,608,9777,636,11126,562,n,1,214,475,77,182,130,173,85,217,115,92,43,34,151,202,480,46,147,110,155,84,197,104,93,41,24,153,
37	0,552,10366,688,11913,573,n,0,241,513,57,155,146,212,101,250,128,107,48,45,163,204,521,55,169,109,161,84,198,103,106,42,27,183,
38	0,804,12626,859,14194,744,n,0,292,579,98,227,176,236,78,290,160,133,69,39,185,264,631,74,240,140,202,109,243,131,132,69,25,199,
39	0,880,14468,1012,16333,872,n,1,350,741,118,305,192,262,135,307,218,157,89,40,230,310,716,81,261,170,242,135,290,154,191,65,35,237,
40	0,1226,18389,1375,20346,1177,n,1,467,958,137,342,302,404,161,452,279,226,108,84,299,424,1030,98,326,228,341,214,384,200,226,111,50,335,
41	0,74,1310,90,1540,80,n,0,28,60,10,23,22,30,8,27,15,17,8,3,25,26,65,6,20,21,29,14,28,13,19,7,4,25,
42	0,671,11731,750,12931,672,n,1,275,573,61,175,138,198,116,275,145,141,60,38,166,246,606,72,240,106,159,110,215,117,128,64,25,184,
43	0,859,12037,806,13378,696,n,1,278,604,90,230,158,218,114,260,132,121,69,29,177,243,577,77,234,131,184,101,246,122,152,56,35,188,
44	0,544,9540,664,10662,582,n,0,229,482,60,154,144,203,84,222,115,103,57,27,144,211,501,54,171,103,151,92,200,95,120,48,27,171,
45	0,762,12539,836,14136,723,n,1,278,598,85,227,193,264,113,278,146,137,72,49,188,258,614,67,211,138,195,109,244,130,148,64,37,225,
46	0,537,7614,505,8754,447,n,0,168,373,52,124,114,154,68,165,83,78,48,21,134,151,365,45,149,98,146,72,160,78,96,34,22,134,
47	0,860,14178,919,16029,695,n,0,325,712,89,246,178,259,159,318,197,135,94,67,189,248,675,76,244,122,180,131,257,126,179,57,34,222,
48	0,823,13084,975,14710,912,n,1,326,679,126,314,195,260,111,288,193,155,90,42,199,333,738,95,285,150,213,154,277,183,162,81,41,225,
49	0,732,13648,888,15291,723,n,0,305,656,91,242,185,250,117,312,159,128,76,61,183,265,673,75,235,117,170,123,267,122,155,59,33,223,
50	0,655,9962,634,11318,557,n,0,222,473,66,169,123,173,85,209,122,108,63,27,157,195,478,56,181,111,165,99,191,108,125,45,27,156,
51	0,705,10626,686,11706,596,n,0,236,514,67,175,146,212,107,268,119,119,48,31,160,205,543,71,236,112,171,101,209,105,101,55,23,179,
52	0,849,13689,864,15030,746,n,0,294,636,86,234,188,256,104,301,136,124,70,42,195,267,654,73,233,137,199,121,274,123,150,49,34,225,
53	0,1035,15703,1001,16442,876,n,0,349,723,123,304,178,241,109,330,187,158,85,47,214,320,735,96,279,139,202,118,305,161,179,70,32,244,
54	0,688,12492,842,13926,717,n,1,285,603,82,204,190,262,114,315,154,141,59,45,189,256,654,80,246,122,185,113,240,117,125,71,32,227,
55	0,639,11346,745,12745,641,n,0,249,554,70,197,175,240,114,266,130,106,57,31,171,223,549,72,222,122,179,91,224,113,121,51,24,210,
56	0,670,11140,727,11813,618,n,0,245,530,91,228,145,189,90,257,139,111,60,35,180,210,530,71,216,125,185,93,218,109,119,48,26,173,
57	0,663,11240,709,12536,593,n,1,248,536,67,181,144,195,98,259,129,112,59,51,159,209,555,66,214,106,158,109,213,109,126,52,26,173,
58	0,804,10555,702,11448,625,n,2,232,513,76,206,161,221,95,249,126,121,54,24,168,224,556,59,197,116,173,116,216,103,118,48,22,189,
59	0,675,11483,774,12025,695,n,1,267,553,80,211,158,208,79,268,153,118,59,41,180,248,606,72,224,125,183,115,235,122,117,49,31,185,
60	0,645,12546,921,13890,733,n,0,329,635,107,260,155,212,86,315,197,125,60,30,173,272,664,72,235,116,171,106,250,136,132,65,29,202,
61	0,893,13787,864,15184,722,n,0,301,651,76,211,184,272,132,312,179,148,83,48,235,240,632,74,243,165,248,125,265,124,175,65,30,244,
62	0,943,14384,948,16026,840,n,0,325,658,77,203,219,295,104,323,166,166,85,37,216,296,709,82,242,164,225,121,271,148,168,62,38,247,
63	0,618,10061,671,11079,593,n,0,226,457,47,113,170,224,75,227,129,108,55,26,164,204,508,54,171,129,183,106,182,104,109,47,22,186,
64	0,826,12077,782,13390,697,n,0,278,562,62,160,162,230,96,263,160,118,58,42,182,253,597,64,211,124,181,111,227,132,124,53,30,209,
65	0,868,13335,824,14005,718,n,0,288,603,90,219,157,222,105,304,161,162,67,34,194,263,635,72,253,119,174,95,246,123,146,72,31,215,
66	0,889,13221,906,14378,728,n,0,316,645,116,292,156,203,94,306,191,110,60,29,179,263,637,79,237,122,185,103,259,131,135,56,30,204,
67	0,704,12114,793,13260,670,n,0,273,549,79,208,166,233,89,271,169,129,64,33,180,238,573,71,213,122,179,95,226,127,141,50,28,202,
68	0,685,11405,704,12214,632,n,1,244,535,61,175,153,228,95,274,122,104,48,29,161,228,571,63,218,111,161,97,236,111,104,54,31,198,
69	0,669,8695,530,9332,469,n,0,186,403,57,151,100,142,74,181,99,93,47,27,124,161,416,49,165,96,139,95,165,82,103,41,20,134,
70	0,692,11760,739,13384,626,n,0,259,514,81,186,138,190,75,252,168,121,54,27,180,215,526,59,192,135,190,88,207,94,121,53,27,185,
71	0,582,13412,896,14568,745,n,0,320,658,76,208,178,240,127,296,178,153,81,47,209,257,644,80,249,149,212,122,243,139,173,74,32,217,
72	0,566,9100,641,10324,574,n,0,220,460,60,156,140,190,87,190,116,101,60,25,151,202,451,57,170,111,166,83,177,102,117,47,28,159,
73	0,686,12279,812,13014,703,n,1,275,583,95,235,165,217,87,288,158,116,54,28,172,255,627,73,233,119,171,109,248,121,121,58,32,198,
74	0,590,10084,632,10897,566,n,0,216,474,59,159,140,188,88,228,114,97,49,34,151,204,489,53,165,105,158,82,193,104,96,46,25,163,
75	0,712,12695,910,13981,714,n,0,318,643,92,231,180,250,131,291,173,119,78,51,174,268,657,63,209,113,163,120,229,134,136,54,28,211,
76	0,646,13455,897,14670,750,n,1,309,662,101,259,176,261,131,318,178,145,67,56,203,271,681,74,234,133,204,128,266,154,152,60,34,222,
77	0,801,12815,788,14064,701,n,1,268,586,87,215,162,231,104,275,159,135,69,39,180,249,609,69,223,132,188,116,252,129,148,63,26,210,
78	0,572,10425,692,11361,605,n,0,230,480,75,199,156,203,74,210,136,112,64,32,168,205,479,63,180,129,190,93,197,115,141,57,23,181,
79	0,958,14295,891,15197,752,n,0,313,657,74,213,190,265,125,298,155,148,109,63,212,255,660,80,262,160,232,144,259,148,182,74,31,235,
80	0,1114,16267,1122,17743,962,n,1,388,772,134,317,210,281,110,366,191,159,76,59,257,340,803,91,270,189,276,138,312,172,161,81,35,261,
81	0,663,12969,818,14189,702,n,0,281,594,75,202,179,261,114,298,163,147,67,44,184,255,647,70,238,120,179,126,241,148,148,66,32,218,
82	0,775,14762,936,15889,856,n,0,319,668,91,220,204,298,120,321,175,180,69,47,252,300,714,64,229,190,272,134,278,152,172,91,39,261,
83	0,701,13303,874,14176,778,n,2,301,655,112,300,158,222,99,324,176,133,54,27,185,289,714,81,257,118,173,130,290,114,128,66,34,214,
84	0,946,15181,1009,16575,847,n,0,353,706,98,256,204,283,120,338,185,172,98,55,244,288,717,90,286,181,256,133,274,137,186,79,34,245,
85	0,736,14161,874,14839,735,n,0,298,604,63,142,213,283,91,316,189,151,69,39,208,261,649,76,245,135,195,107,254,135,170,74,40,253,
86	0,1054,15913,1059,17177,957,n,0,376,793,106,268,200,273,144,321,196,158,99,39,241,327,777,99,296,201,276,159,313,181,193,75,42,249,
87	0,793,12669,825,13674,728,n,1,287,620,91,249,158,216,93,289,166,130,70,38,201,256,623,63,206,151,219,113,271,113,148,59,25,202,
88	0,667,11131,703,12058,620,n,0,241,539,69,173,149,205,98,255,117,107,51,40,171,225,546,46,160,123,186,101,229,88,113,55,25,175,
89	0,946,15314,1022,16695,846,n,1,376,751,81,222,188,265,143,360,195,160,83,42,221,304,758,90,296,146,225,133,273,146,166,77,31,233,
90	0,689,12312,810,13000,646,n,0,276,595,90,233,167,236,115,269,147,112,76,49,172,233,584,60,190,119,174,109,242,102,151,51,27,203,
91	0,957,12577,791,13134,729,n,2,270,586,76,196,173,241,102,258,122,129,65,31,191,261,623,61,212,145,221,143,252,103,144,50,22,203,
92	0,812,12988,801,14041,700,n,0,281,600,73,187,165,245,99,294,140,126,77,44,183,245,626,75,249,133,196,119,262,130,144,51,37,195,
93	0,693,13338,922,14168,754,n,0,326,654,81,218,187,266,121,298,169,146,83,59,199,262,662,81,246,147,210,125,238,125,168,62,25,221,
94	0,813,15424,952,16290,805,n,2,329,714,103,287,188,261,124,329,205,167,124,50,223,282,694,81,266,159,241,125,298,174,207,79,35,240,
95	0,943,15826,1004,16875,855,n,0,349,732,88,229,217,308,120,343,172,148,102,48,255,291,719,84,265,188,271,124,311,150,187,63,35,269,
96	0,1035,16837,1106,18478,900,n,0,385,782,135,348,199,284,127,364,220,168,101,40,238,323,787,86,294,166,246,141,316,154,196,72,32,258,
97	0,767,13606,851,14482,721,n,0,297,628,75,193,180,248,125,297,165,140,72,50,169,263,652,74,230,119,170,112,239,130,143,73,32,217,
98	0,1055,17285,1099,18398,966,n,0,376,817,124,328,222,327,148,364,154,166,99,46,263,348,831,96,323,173,264,170,352,157,209,67,42,276,
99	0,900,14058,868,14724,757,n,1,307,655,84,225,168,248,126,305,168,143,80,38,205,269,653,66,225,152,217,114,265,135,155,68,35,208,
100	0,698,12325,779,13173,691,n,1,272,591,68,183,165,224,116,294,128,127,60,34,168,251,616,70,230,118,174,100,233,123,112,59,39,196,
101	0,540,11379,742,11991,606,n,0,250,519,68,178,171,230,98,260,157,129,60,46,173,215,555,57,195,118,175,105,199,111,127,59,30,192,
102	0,798,13824,831,14675,717,n,1,277,617,68,198,206,290,129,329,150,146,60,55,191,254,679,76,256,132,194,124,252,113,128,67,35,242,
103	0,941,14913,919,15945,762,n,0,324,676,96,245,172,242,107,309,166,140,91,55,221,252,677,88,291,168,243,147,273,142,175,63,34,216,
104	0,661,12974,768,13949,654,n,0,274,604,53,156,165,236,124,289,159,133,70,62,164,238,622,67,218,109,164,112,232,132,138,61,34,199,
105	0,840,14287,982,15508,743,n,0,351,690,96,246,182,249,124,344,184,130,77,43,197,266,692,74,234,135,194,114,252,118,144,61,30,227,
106	0,1486,20994,1301,21482,1175,n,2,442,983,94,255,321,459,208,468,196,247,124,52,349,404,995,110,361,254,393,209,410,198,259,98,65,364,
107	0,1356,23926,1520,25222,1227,n,0,512,1126,147,408,348,496,227,546,309,241,128,69,367,431,1106,104,363,258,377,194,474,189,289,113,51,442,
108	0,930,12999,849,13477,730,n,1,290,644,70,202,197,274,130,308,154,148,64,44,212,251,652,64,218,162,237,129,264,102,156,57,34,228,
109	0,883,15062,912,15698,805,n,1,315,662,109,281,172,237,93,316,171,145,83,42,215,286,698,83,275,148,226,135,287,151,162,69,34,222,
110	0,790,11988,712,12208,608,n,1,247,526,74,190,143,190,88,260,142,130,62,44,170,212,536,59,195,122,177,91,214,108,128,61,23,181,
111	0,788,13870,860,14486,736,n,1,290,621,80,230,198,284,114,301,174,156,74,33,220,251,639,68,226,164,239,111,249,112,161,77,30,253,
112	0,805,13240,814,14010,691,n,1,290,602,72,172,162,215,105,272,156,120,71,33,183,244,593,67,225,134,194,110,237,111,145,61,38,191,
113	0,844,14982,985,15607,860,n,0,338,713,107,274,201,289,136,329,176,138,71,36,204,320,739,85,266,133,201,125,283,161,147,70,31,248,
114	0,830,13910,792,13865,693,n,0,274,568,81,213,162,226,78,266,169,128,83,41,187,243,597,82,257,123,174,114,250,140,163,56,29,209,
115	0,939,16577,1074,17948,848,n,0,380,793,113,283,199,274,158,367,199,157,86,50,262,287,747,84,278,189,271,139,294,142,185,70,33,256,
116	0,827,12262,791,12972,693,n,0,274,586,60,165,182,254,127,272,144,136,61,36,181,247,594,60,194,138,199,106,221,114,138,63,39,215,
117	0,994,14419,897,14848,787,n,1,295,647,73,208,233,325,140,302,132,161,71,40,213,281,690,69,244,155,235,152,264,132,172,62,31,264,
118	0,967,15348,957,16417,840,n,1,327,687,106,252,196,268,128,335,180,164,57,35,236,289,710,96,300,164,233,113,265,139,147,70,28,247,
119	0,1085,16488,1040,17426,907,n,0,359,721,121,275,200,291,98,353,174,166,88,39,221,333,786,93,295,147,220,134,318,151,173,67,38,270,
120	0,1032,17224,1109,18554,957,n,0,383,810,105,269,236,322,147,395,208,195,95,87,258,340,867,88,288,188,273,172,325,190,187,91,50,278,
121	0,569,12063,760,12557,625,n,0,262,568,76,204,158,216,106,243,138,118,66,31,181,222,546,61,195,119,172,95,221,108,154,52,28,200,
122	0,839,14041,834,14560,715,n,1,284,636,92,255,172,248,116,309,160,140,80,53,213,248,644,67,237,151,219,122,273,131,152,63,31,217,
123	0,1223,17296,1105,17728,988,n,0,368,764,108,269,260,344,105,375,197,169,85,52,248,356,823,84,262,190,271,139,334,169,181,81,47,296,
124	0,676,13591,913,14161,721,n,0,322,640,95,237,172,246,128,303,179,144,76,54,198,259,648,69,217,132,197,119,230,123,149,67,36,221,
125	0,618,11238,658,11364,570,n,0,220,489,75,196,141,197,83,249,117,125,62,34,169,195,502,52,162,125,181,88,218,93,129,55,29,177,
126	0,819,13316,888,14038,759,n,0,308,644,112,266,159,213,99,282,187,123,78,36,183,278,659,80,235,122,184,130,260,144,151,52,29,191,
127	0,685,13807,941,14437,749,n,0,323,661,90,229,205,283,131,315,206,132,82,54,174,278,701,80,261,111,162,135,248,151,153,69,28,235,
128	0,654,12660,843,13204,701,n,0,304,623,93,234,142,199,102,285,172,111,68,42,153,260,645,75,237,103,149,120,248,130,136,52,30,184,
129	0,723,13841,939,14311,810,n,0,325,666,115,282,171,238,107,297,184,138,81,40,185,293,669,82,244,141,190,98,264,135,154,60,26,215,
130	0,739,12284,752,13074,670,n,1,264,546,71,170,151,217,100,245,134,126,72,34,185,235,551,62,192,137,189,98,219,109,138,61,30,194,
131	0,862,13049,731,12976,640,n,0,252,592,74,214,152,223,120,265,126,123,72,33,207,214,544,54,190,156,237,104,256,94,150,53,26,198,
132	0,736,12694,819,13157,735,n,1,290,595,77,187,160,232,102,278,146,131,73,35,174,264,619,78,247,128,186,103,244,123,138,61,29,200,
133	0,974,18130,1076,18714,916,n,0,387,811,92,261,210,290,163,380,230,183,88,68,248,317,810,99,312,183,257,152,305,155,189,86,36,266,
134	0,663,11631,701,11829,622,n,1,237,516,69,189,157,220,98,254,122,112,57,31,169,217,538,68,221,119,180,98,215,117,114,52,23,186,
135	0,780,13437,884,14333,719,n,0,316,633,95,227,155,221,113,292,180,131,75,52,179,258,650,71,227,131,187,126,236,126,142,63,38,201,
136	0,683,13420,809,14146,669,n,0,284,586,74,199,166,236,106,257,171,128,82,38,194,231,584,65,213,141,198,120,227,123,160,61,28,213,
137	0,1024,16288,1059,16981,935,n,0,376,788,83,204,222,308,156,350,215,162,79,45,234,343,802,76,266,172,248,146,296,144,167,75,36,254,
138	0,771,13004,802,13049,709,n,1,275,615,76,218,173,239,127,274,131,126,63,42,187,250,612,68,212,139,201,115,239,123,136,55,30,212,
139	0,764,13377,875,13651,701,n,0,306,628,67,178,194,275,136,288,158,126,64,62,192,249,635,65,224,136,201,123,222,111,141,50,33,230,
140	0,655,12506,768,12831,664,n,1,266,566,79,207,155,202,95,264,148,116,64,30,159,240,575,69,200,114,167,98,226,120,130,58,28,179,
141	0,662,10991,684,10745,597,n,0,235,472,76,178,136,171,63,231,131,105,49,27,139,218,515,64,204,96,139,86,190,96,105,49,22,163,
142	0,955,16276,1026,16902,878,n,1,349,759,105,261,221,314,157,333,187,167,97,44,257,306,721,79,243,184,263,131,304,155,201,68,52,264,
143	0,786,12723,800,12397,691,n,1,280,584,88,206,150,194,86,289,153,125,68,29,170,249,607,81,252,111,161,95,238,137,127,59,30,176,
144	0,978,15991,933,16247,787,n,1,315,666,115,285,186,238,96,331,182,148,74,27,228,265,657,88,282,168,240,102,282,133,158,70,31,230,
145	0,974,15753,1060,16067,934,n,1,354,726,112,299,238,326,119,347,213,193,83,36,240,328,762,93,288,185,265,127,298,158,190,88,41,280,
146	0,781,12418,747,12762,655,n,0,258,562,65,179,164,228,111,262,133,130,68,31,173,236,582,66,203,116,172,114,229,116,142,59,28,202,
147	0,807,13312,830,13712,746,n,1,286,608,77,203,180,257,117,292,141,145,64,34,199,273,655,68,221,130,194,125,246,132,137,65,33,227,
148	0,722,11675,703,11394,631,n,1,241,508,72,177,147,199,80,243,124,123,71,31,154,225,535,64,205,115,167,94,214,105,126,63,32,173,
149	0,723,13098,819,13607,675,n,0,282,600,85,227,169,240,103,278,163,120,77,51,170,247,611,64,203,117,174,114,254,127,152,55,29,199,
150	0,663,12992,825,13351,639,n,0,294,622,80,208,155,222,130,279,154,119,85,63,180,224,592,63,209,126,190,122,232,107,161,55,27,193,
151	0,714,13053,790,13557,715,n,1,275,598,71,192,168,231,123,240,154,123,79,34,193,247,570,66,201,153,209,110,228,143,148,54,36,207,
152	0,625,11018,641,10645,582,n,1,222,476,47,124,148,212,97,218,107,115,62,35,163,205,485,55,164,117,170,88,188,102,117,48,33,178,
153	0,1009,18688,1081,18918,891,n,0,388,759,108,264,196,271,98,377,229,177,97,35,219,327,807,89,291,147,215,142,315,162,202,88,42,264,
154	0,703,14190,915,14528,763,n,0,332,669,84,221,167,238,124,298,181,131,87,47,190,275,675,77,252,135,200,133,252,118,155,66,34,214,
155	0,1213,23384,1509,23045,1344,n,2,522,1080,153,384,309,427,174,475,293,255,134,35,338,489,1108,118,401,245,362,206,450,238,292,121,55,388,
156	0,480,9176,554,8932,508,n,1,197,420,59,150,99,147,73,203,110,106,54,20,135,180,444,52,168,95,140,88,176,89,103,51,21,130,
157	0,755,13492,796,13692,700,n,2,263,565,77,188,193,269,100,267,150,156,81,40,225,231,575,65,206,172,245,113,242,127,173,66,32,236,
158	0,711,13006,801,12947,721,n,1,263,547,97,237,176,250,75,280,139,144,53,33,186,257,634,75,240,131,187,120,243,127,131,65,26,217,
159	0,684,13399,878,13593,735,n,1,305,610,99,231,168,222,102,269,186,133,79,42,188,261,626,73,220,138,194,118,228,151,151,65,31,200,
160	0,943,15799,1065,16301,921,n,1,369,767,121,331,204,279,121,360,211,159,81,65,209,346,816,79,253,148,230,156,318,159,171,82,28,242,
161	0,655,14048,849,14296,696,n,0,291,593,81,213,183,246,107,304,157,148,56,54,175,256,666,73,239,110,158,124,225,120,134,68,32,214,
162	0,616,12681,765,12718,672,n,1,268,573,80,211,148,206,98,266,168,132,65,44,185,237,588,55,197,142,205,111,227,134,131,61,32,182,
163	0,808,11515,689,11591,611,n,1,242,521,59,154,144,207,100,251,111,110,55,42,161,217,558,53,184,123,187,126,209,104,110,52,23,176,
164	0,900,14082,832,13652,743,n,1,282,598,81,210,186,271,122,275,154,153,71,24,192,264,631,72,235,141,204,124,243,137,158,67,34,223,
165	0,708,12945,792,13320,667,n,1,277,584,63,182,172,243,119,260,165,130,76,51,172,236,593,69,219,125,183,118,219,128,148,69,32,204,
166	0,770,13296,786,13488,648,n,0,272,559,83,208,158,210,106,275,167,116,56,25,162,226,571,84,258,111,159,93,205,135,117,55,30,190,
167	0,759,14697,878,14827,723,n,0,313,646,87,225,163,229,115,300,160,129,75,46,177,267,660,71,228,117,171,117,249,135,147,62,32,205,
168	0,803,14632,826,14158,743,n,2,283,630,87,243,172,239,102,306,146,150,90,32,196,269,659,81,270,123,184,115,281,124,161,78,34,219,
169	0,875,15675,932,15849,743,n,0,330,684,114,294,156,218,97,307,186,112,74,36,178,278,668,66,210,120,172,104,284,123,161,49,33,216,
170	0,796,14997,936,15249,724,n,0,332,662,98,232,172,239,130,347,228,148,59,74,211,250,690,75,239,148,208,123,233,132,127,67,30,228,
171	0,546,13235,836,13358,688,n,0,291,623,73,198,179,255,125,293,178,118,73,67,165,249,645,72,224,116,166,127,251,136,141,58,36,216,
172	0,594,12215,763,12156,655,n,0,251,560,77,211,182,247,114,259,141,116,71,44,174,223,565,75,222,132,197,114,228,130,137,56,27,205,
173	0,736,14875,899,14934,745,n,0,321,654,83,238,172,250,120,309,167,151,86,59,187,273,677,76,255,121,183,128,255,120,168,61,28,214,
174	0,572,11778,717,11950,583,n,0,240,498,78,194,158,210,90,252,135,117,60,37,158,207,537,59,195,109,159,102,192,95,118,50,27,188,
175	0,772,13535,804,13816,702,n,0,264,575,97,232,178,247,96,260,141,133,70,29,205,242,587,63,211,154,222,112,246,120,155,57,29,217,
176	0,645,13697,777,13588,665,n,0,273,606,74,204,155,217,123,292,139,126,54,44,190,232,597,68,214,131,189,96,237,114,122,59,32,202,
177	0,897,16176,999,16169,855,n,1,336,726,99,250,227,303,126,349,163,161,94,43,253,290,739,98,313,176,264,141,300,146,185,70,49,257,
178	0,937,14777,901,14981,755,n,1,317,647,77,201,189,259,117,296,156,132,78,35,229,259,624,68,208,167,238,108,253,111,158,57,33,229,
179	0,749,14566,903,14637,806,n,1,299,663,103,266,200,269,118,291,145,134,71,26,233,276,627,79,236,175,256,103,282,124,161,60,34,246,
180	0,622,10527,634,10492,549,n,0,219,468,54,142,140,193,108,209,127,121,64,24,176,181,437,53,166,132,188,75,169,96,125,54,36,170,
181	0,753,11643,679,11253,580,n,0,236,525,46,142,160,229,119,244,126,113,59,31,170,198,505,48,173,134,198,98,210,98,130,50,27,191,
182	0,769,10369,607,9707,549,n,0,212,463,50,136,131,184,94,217,103,121,56,17,151,196,485,48,180,107,167,102,185,80,117,57,24,160,
183	0,953,15472,891,15382,764,n,1,311,663,102,264,164,230,101,279,160,138,91,50,198,281,674,65,221,135,201,145,282,121,188,68,26,219,
184	0,884,15340,882,15607,738,n,0,319,672,81,217,161,227,124,309,169,136,78,35,224,252,619,66,217,168,244,101,267,120,161,62,29,209,
185	0,807,13833,841,13544,693,n,0,290,595,88,223,172,238,113,276,157,124,71,30,190,247,599,63,206,134,193,107,227,109,138,55,29,202,
186	0,865,14367,906,14487,773,n,0,319,642,98,242,169,242,108,303,147,140,61,34,206,280,648,63,196,149,214,99,258,121,145,54,29,214,
187	0,712,13723,805,13909,669,n,0,278,570,85,207,162,223,87,289,135,114,58,37,173,235,594,65,200,133,185,94,237,107,119,54,25,197,
188	0,866,16569,946,15865,827,n,1,327,719,77,213,215,305,148,334,149,160,96,33,252,282,703,84,283,177,267,135,295,139,188,64,42,266,
189	0,1426,25032,1519,25094,1254,n,0,534,1094,168,434,280,391,181,524,305,238,124,62,339,448,1116,125,395,232,331,188,430,206,258,109,67,346,
190	0,981,19432,1066,18285,914,n,0,368,777,96,262,233,333,157,376,212,199,96,36,255,315,770,105,321,177,254,122,310,172,216,92,41,301,
191	0,986,16144,916,15496,821,n,1,310,662,79,243,216,303,117,335,182,174,72,35,215,299,728,79,263,143,219,134,282,154,168,78,30,268,
192	0,1021,15746,880,15256,721,n,0,309,652,78,218,182,259,127,320,174,151,71,41,218,252,670,67,240,148,221,135,256,120,158,60,35,218,
193	0,673,14258,907,14072,753,n,0,319,663,79,208,188,265,133,291,172,125,70,52,190,274,662,66,225,138,201,127,251,132,149,63,39,221,
194	0,990,18728,1231,18464,1102,n,2,420,862,117,299,272,368,141,377,209,193,111,45,262,403,906,108,327,186,264,155,343,189,215,87,49,308,
195	0,741,15739,914,15608,772,n,0,314,673,79,217,206,285,129,320,165,143,84,58,204,284,713,72,226,130,198,146,273,129,167,67,35,242,
196	0,942,17848,1114,17719,941,n,0,376,808,120,306,240,330,146,380,217,145,80,60,233,337,832,96,319,169,245,152,331,176,170,67,35,277,
197	0,839,14793,813,13881,703,n,0,276,632,87,241,173,239,121,327,142,127,44,22,195,250,620,62,218,140,216,84,272,98,116,61,29,220,
198	0,677,12297,754,12209,633,n,0,253,526,74,195,173,232,93,239,148,117,65,35,176,221,532,61,191,127,185,95,205,114,140,58,28,202,
199	0,888,15531,913,15326,740,n,0,325,688,80,229,181,266,151,334,167,156,64,46,203,263,676,66,225,146,212,115,256,112,160,57,26,238,
200	0,1453,22273,1281,21845,1117,n,1,438,938,87,228,315,453,205,409,255,252,137,60,315,394,927,93,300,234,344,185,372,185,289,125,66,377,
201	0,830,15743,973,15198,870,n,0,336,720,96,246,203,284,138,334,158,144,66,56,202,317,767,92,271,143,208,146,284,165,146,61,34,238,
202	0,1129,17815,1090,17174,952,n,1,376,772,103,274,234,326,139,351,204,202,108,64,282,324,790,83,260,219,316,163,311,150,217,92,43,274,
203	0,769,15523,909,15124,803,n,0,314,669,97,244,183,257,117,301,178,149,90,40,222,283,669,81,245,154,230,122,272,137,170,68,39,229,
204	0,912,13546,800,12998,689,n,1,273,585,76,200,177,256,120,294,142,145,57,49,209,227,616,73,249,159,237,129,230,116,141,54,30,212,
205	0,798,15182,985,14942,793,n,0,362,753,80,218,178,248,169,331,220,135,78,49,190,285,706,92,273,130,192,117,245,142,151,70,47,219,
206	0,963,14746,901,14417,786,n,1,311,645,90,215,187,258,94,293,167,138,94,31,220,274,636,74,225,163,236,109,277,127,173,73,30,229,
207	0,805,13771,888,13388,774,n,0,304,613,108,261,170,233,101,291,165,136,56,46,169,292,683,63,206,125,188,131,243,128,119,68,28,203,
208	0,633,12109,690,11905,605,n,1,237,509,62,169,152,215,95,247,109,120,54,32,158,216,534,57,188,115,167,100,212,88,126,53,28,185,
209	0,880,16229,934,15664,808,n,1,317,642,107,268,191,262,99,317,193,158,79,38,198,302,703,67,220,136,197,114,263,142,149,70,35,232,
210	0,625,10464,567,10036,502,n,0,197,428,51,141,120,165,86,213,110,106,42,28,137,177,443,52,172,95,135,74,170,89,98,45,20,148,
211	0,683,12866,673,12367,559,n,0,226,487,75,196,146,197,68,252,113,102,58,26,137,207,526,62,199,82,117,84,221,95,120,52,26,190,
212	0,632,14505,830,14074,665,n,0,288,617,92,241,161,216,110,289,184,119,57,57,203,230,597,67,211,137,208,113,243,132,140,59,30,207,
213	0,606,9345,590,9147,512,n,0,209,430,56,142,115,163,82,183,115,96,52,32,134,181,428,45,141,102,154,91,164,93,109,44,19,141,
214	0,703,14075,853,13530,689,n,0,296,612,93,235,168,215,106,287,164,100,68,42,142,256,636,77,234,98,141,113,234,136,122,54,32,181,
215	0,792,15133,960,14951,821,n,0,326,669,96,246,210,275,110,324,202,143,74,52,189,302,722,80,240,135,191,123,264,154,145,73,34,232,
216	0,674,12633,759,11870,636,n,1,263,553,84,210,147,198,86,273,145,124,63,36,158,227,572,60,203,118,171,100,232,98,132,60,27,185,
217	0,642,13386,779,13118,616,n,0,282,574,68,189,145,206,105,281,149,117,65,45,164,221,575,70,224,103,150,97,218,111,133,46,23,187,
218	0,695,14979,964,14841,802,n,0,334,695,106,261,189,258,120,328,175,138,82,58,191,294,731,86,269,125,191,138,276,135,155,69,39,216,
219	0,662,14268,872,13981,712,n,0,296,634,92,242,187,242,127,281,162,135,82,47,205,245,612,65,208,156,224,124,239,115,162,65,31,213,
220	0,859,15829,857,15318,687,n,0,306,679,76,212,168,243,148,317,178,122,83,53,192,239,631,77,252,130,197,113,268,130,162,54,32,218,
221	0,519,10159,591,9825,512,n,1,206,436,49,127,128,173,87,203,105,93,44,31,125,188,451,48,156,86,124,78,167,93,93,44,21,147,
222	0,845,15852,958,15345,786,n,1,334,698,98,257,189,255,127,310,188,140,86,64,211,275,684,81,252,154,214,119,254,133,165,58,34,233,
223	0,686,14442,830,14228,702,n,1,289,596,66,181,185,265,114,285,171,138,87,47,193,245,618,73,235,137,196,121,237,122,156,63,29,227,
224	0,653,13049,710,12691,624,n,0,237,516,56,158,177,240,98,258,129,119,49,32,184,214,531,63,210,131,192,91,213,118,118,48,30,208,
225	0,1096,19235,1097,17837,933,n,1,387,811,123,331,199,292,127,416,222,189,89,43,250,331,844,89,304,179,253,133,353,145,188,82,38,272,
226	0,767,17163,954,16193,785,n,0,335,732,95,250,187,264,139,341,174,160,90,65,218,277,719,76,247,154,218,129,289,134,183,76,43,239,
227	0,645,13015,715,12661,630,n,0,252,533,58,147,151,213,97,253,149,113,56,31,171,231,564,55,191,111,165,108,217,123,118,53,32,192,
228	0,447,10988,643,10472,537,n,1,222,455,59,155,138,188,90,219,146,97,41,32,139,193,478,52,166,96,143,88,166,100,92,45,27,158,
229	0,520,11616,655,11196,567,n,0,225,470,71,168,132,185,79,230,126,107,48,36,158,199,509,54,181,114,171,103,184,102,101,52,26,177,
230	0,928,16554,1045,15962,933,n,1,366,765,98,266,214,303,140,303,197,151,110,44,250,333,731,86,244,180,264,137,307,174,204,77,37,257,
231	0,1145,16552,941,14883,813,n,1,325,697,86,238,204,283,132,295,170,157,100,41,246,284,668,60,222,184,279,140,281,130,203,70,32,244,
232	0,677,14028,759,13250,690,n,0,264,547,74,192,154,221,95,254,129,130,66,24,163,248,588,76,240,116,174,116,222,121,137,59,26,202,
233	0,767,13527,751,12452,615,n,0,262,547,98,244,128,172,78,265,145,114,62,36,163,223,544,58,182,109,162,83,231,98,128,53,28,169,
234	0,795,16600,938,15727,806,n,1,322,704,84,231,209,293,132,324,185,144,87,50,202,294,720,75,255,142,206,134,295,144,174,70,38,249,
235	0,794,16530,1001,15802,775,n,0,347,700,108,263,198,269,124,336,215,140,70,59,194,287,731,78,245,121,176,126,256,140,151,69,33,243,
236	0,598,11646,665,10946,604,n,0,224,504,68,178,146,200,112,240,123,113,40,35,156,215,522,58,173,114,162,92,195,109,94,52,27,180,
237	0,1043,18658,995,17852,882,n,2,347,758,107,286,193,272,153,345,178,169,82,50,225,320,768,84,263,157,216,134,301,141,170,82,39,244,
238	0,978,18236,1045,17133,866,n,0,372,784,90,246,208,299,150,335,203,149,96,64,258,302,719,65,214,195,279,130,312,142,202,74,40,261,
239	0,834,14947,897,14303,790,n,1,298,629,98,258,201,275,104,310,159,147,67,36,202,280,672,72,226,155,229,120,267,138,146,67,29,243,
240	0,681,12524,701,11811,594,n,0,251,504,73,192,125,177,65,229,152,98,70,26,148,217,521,54,182,104,148,97,217,101,129,49,23,164,
241	0,830,16050,956,15236,838,n,1,336,703,87,231,196,303,138,328,172,155,86,43,225,288,705,93,283,168,240,128,291,155,175,74,39,255,
242	0,679,12779,694,11967,600,n,0,237,521,69,180,150,216,102,232,120,125,75,29,179,211,515,53,175,122,185,105,217,107,151,56,28,183,
243	0,575,14739,789,13721,649,n,0,286,635,55,160,160,238,144,303,138,128,77,54,172,234,627,67,229,111,164,117,247,122,150,64,37,213,
244	0,975,16178,925,14703,838,n,1,322,684,78,213,202,290,133,304,149,148,55,38,213,308,708,73,237,148,226,135,273,131,156,51,31,243,
245	0,911,16374,985,15650,827,n,0,328,692,111,281,216,281,114,343,157,129,62,29,205,299,719,83,258,144,207,109,285,128,137,64,33,247,
246	0,885,17880,988,16651,851,n,1,353,712,86,219,195,278,120,327,179,163,100,43,242,299,712,84,266,168,251,130,286,145,191,78,29,257,
247	0,734,14497,831,13216,727,n,1,293,615,73,191,170,239,118,306,157,157,73,29,201,255,632,68,231,146,217,107,241,114,143,73,36,210,
248	0,882,14891,827,13978,706,n,0,280,620,78,216,188,265,132,284,172,139,68,27,225,241,584,60,205,162,236,103,253,132,164,57,34,233,
249	0,766,15642,934,14866,807,n,0,317,631,96,228,202,275,103,311,192,158,81,34,206,285,690,94,286,142,205,128,255,163,162,77,36,236,
250	0,787,17745,949,16897,824,n,1,308,658,114,278,218,305,101,347,180,173,68,53,266,282,719,62,221,197,283,134,293,125,161,72,38,275,
251	0,782,13964,761,13165,605,n,0,264,582,69,201,161,230,114,274,137,116,69,46,165,216,573,63,214,108,157,100,230,112,143,55,36,202,
252	0,801,16195,891,15543,760,n,0,312,673,104,273,162,238,123,322,173,140,68,37,226,267,671,69,218,156,223,117,275,122,142,60,42,223,
253	0,531,11057,592,10535,529,n,0,198,439,54,145,140,192,81,223,113,114,48,35,151,182,476,53,180,110,160,85,184,97,103,51,20,165,
254	0,869,15487,853,14550,722,n,0,303,642,87,218,158,220,110,307,176,123,60,41,195,256,644,73,242,136,202,115,263,141,135,45,25,205,
255	0,752,14596,783,14065,664,n,0,268,563,97,234,150,197,80,261,156,119,67,27,187,235,561,57,185,134,193,90,240,123,139,52,29,199,
256	0,980,15613,954,14285,855,n,1,325,726,116,346,187,268,141,292,170,155,90,36,206,308,703,77,245,160,229,137,299,149,191,70,34,232,
257	0,597,11874,677,11002,590,n,0,240,511,73,192,121,179,101,229,134,100,57,28,142,211,514,60,194,106,149,97,200,109,108,46,19,157,
258	0,1093,18113,1009,16711,863,n,0,358,728,103,258,187,277,134,336,207,181,86,44,232,311,763,79,247,160,241,156,284,145,188,72,42,265,
259	0,803,15338,890,14251,777,n,0,299,617,99,239,191,262,105,290,170,138,75,30,202,274,650,79,246,149,221,123,257,134,151,57,33,218,
260	0,887,16993,947,16025,800,n,1,317,674,106,259,205,279,120,351,182,175,68,38,230,273,723,77,262,176,244,131,272,137,151,89,33,255,
261	0,767,16788,964,15763,816,n,0,339,712,85,227,198,292,149,329,182,160,88,45,217,294,722,76,251,150,218,132,274,142,168,76,41,252,
262	0,956,15871,903,14833,728,n,0,316,649,81,211,189,267,132,278,181,165,99,36,237,244,583,63,197,175,259,108,243,127,208,75,36,241,
263	0,679,13186,732,12087,642,n,1,251,534,59,157,169,234,116,260,137,135,53,39,171,227,568,60,196,126,182,104,195,105,114,63,29,199,
264	0,810,17246,954,16235,736,n,0,336,682,96,228,183,260,142,325,212,144,86,48,190,260,684,94,300,121,185,130,242,151,168,70,40,232,
265	0,740,14703,787,13476,692,n,1,266,588,78,220,175,248,106,301,142,153,62,50,198,243,637,63,229,141,212,125,257,108,144,61,36,213,
266	0,761,16973,940,15871,784,n,0,313,712,90,241,223,322,155,320,174,162,88,49,240,261,679,77,254,184,268,132,278,129,197,76,46,275,
267	0,956,19201,1121,17946,951,n,0,392,816,93,246,242,326,138,383,187,158,93,35,245,342,832,94,296,172,238,137,325,160,189,70,50,272,
268	0,496,12285,649,11237,556,n,0,230,477,54,145,132,193,92,251,129,117,53,35,142,203,532,56,198,93,149,107,189,109,107,54,27,171,
269	0,621,11260,614,10662,527,n,0,206,437,63,159,138,186,69,201,119,85,58,20,136,184,442,61,188,97,142,79,184,95,116,40,20,156,
270	0,1025,16700,853,14675,747,n,0,290,649,65,180,208,306,136,332,134,152,74,54,216,258,699,69,238,160,245,151,275,105,155,68,33,249,
271	0,946,16402,947,15131,858,n,2,311,661,102,248,222,291,89,322,161,145,67,46,262,291,690,67,231,207,293,125,298,119,155,58,36,256,
272	0,937,17891,1015,16550,869,n,1,343,740,94,237,234,307,139,333,187,152,90,53,247,298,738,87,288,184,267,150,294,162,187,69,45,262,
273	0,729,13242,719,12058,632,n,0,242,550,84,225,150,212,114,236,126,117,63,35,180,223,523,47,158,137,195,97,226,96,136,55,25,188,
274	0,1077,19389,1119,17671,957,n,1,390,801,113,286,224,298,131,378,198,170,91,43,225,353,857,97,321,152,220,160,322,181,183,81,44,267,
275	0,619,14014,773,12905,653,n,0,270,585,70,186,162,225,100,276,137,126,80,67,179,230,602,71,231,119,179,128,249,118,160,59,28,203,
276	0,796,15420,841,14069,716,n,0,289,645,79,227,181,258,105,322,162,116,69,41,169,263,677,81,282,106,159,111,285,140,135,54,30,218,
277	0,675,13342,685,12230,581,n,0,229,510,61,169,163,240,99,253,137,111,62,39,174,200,517,55,180,123,180,94,219,108,127,50,32,199,
278	0,801,16412,905,15406,706,n,0,324,631,99,240,156,207,105,310,197,122,58,35,184,263,643,60,193,117,169,95,226,125,121,63,29,203,
279	0,865,16263,818,14970,691,n,0,277,612,91,226,172,239,111,299,144,139,78,38,208,229,616,72,256,160,231,122,257,114,157,62,33,220,
280	0,721,15117,849,14133,717,n,0,292,605,74,187,190,275,117,298,153,142,65,41,192,256,636,75,231,128,193,107,233,122,146,62,34,228,
281	0,726,15378,887,14104,789,n,1,326,648,93,231,141,204,93,301,177,139,67,31,189,290,685,77,249,129,203,128,262,139,141,69,34,194,
282	0,751,13635,717,12257,610,n,0,250,555,70,195,144,205,116,258,140,118,68,36,168,214,539,68,206,111,166,93,222,108,134,58,29,190,
283	0,587,13321,712,12099,579,n,0,247,533,66,179,149,209,115,248,141,110,80,56,145,202,531,70,232,103,152,107,203,137,134,55,25,178,
284	0,1006,16296,882,14732,776,n,0,304,643,65,182,208,284,119,297,148,152,97,44,229,262,642,77,247,173,257,127,261,137,176,73,27,248,
285	0,781,19206,1105,18067,913,n,0,392,782,101,257,218,318,148,358,245,178,96,61,230,329,790,88,269,166,242,134,286,190,190,84,43,279,
286	0,684,13683,730,12790,633,n,0,256,582,81,218,135,190,106,258,143,100,66,39,160,232,576,60,200,106,157,111,245,118,125,47,31,161,
287	0,831,16073,877,14747,727,n,0,299,648,85,218,192,260,131,299,181,134,73,55,211,250,640,74,232,152,221,129,255,125,159,62,33,232,
288	0,834,16711,844,14763,724,n,0,281,609,78,212,201,272,111,311,137,172,82,43,227,244,635,85,272,149,226,119,257,139,182,62,24,236,
289	0,768,16077,909,14343,806,n,0,304,645,86,228,213,293,117,308,177,157,77,42,231,277,671,76,245,174,252,127,262,141,159,68,33,242,
290	0,643,13976,747,13077,618,n,1,259,560,69,203,158,233,107,271,125,117,57,54,166,220,587,62,208,115,166,111,226,101,126,51,24,202,
291	0,723,15803,868,14467,709,n,0,313,658,78,219,162,243,138,318,195,137,73,57,187,253,666,78,257,124,187,130,252,144,146,61,39,213,
292	0,898,17524,876,16147,766,n,0,310,663,81,217,173,248,129,300,181,161,77,41,211,274,670,66,232,151,216,129,263,127,174,77,42,233,
293	0,837,19621,1091,18157,868,n,0,374,766,94,239,247,343,140,354,208,165,101,59,243,299,762,94,304,175,258,136,287,135,211,80,36,305,
294	0,971,19381,1048,17084,929,n,1,372,770,99,274,204,277,149,366,199,186,82,39,228,330,806,113,347,156,229,150,286,190,177,82,37,252,
295	0,1015,19352,1120,17218,948,n,0,382,776,117,285,238,321,133,385,226,156,62,50,216,354,849,90,286,148,211,142,307,151,148,80,45,274,
296	0,853,19052,1060,17138,917,n,2,363,767,83,223,250,354,173,367,164,172,81,62,267,312,773,89,277,202,288,141,286,151,167,71,43,287,
297	0,979,17703,973,15525,840,n,0,330,711,108,288,204,286,133,347,175,157,69,43,209,295,740,88,299,160,227,134,291,132,154,76,35,240,
298	0,593,15462,848,14236,721,n,1,292,615,80,216,182,252,117,296,165,149,70,46,190,260,638,65,216,134,200,115,244,122,149,75,30,220,
299	0,769,15325,816,14236,696,n,1,271,595,79,224,193,271,116,303,142,134,62,32,183,245,631,79,250,126,183,115,249,125,145,64,35,231,
300	0,835,19200,1068,17172,947,n,1,356,797,101,279,253,341,138,368,217,183,97,45,288,323,793,73,244,227,331,161,350,157,207,77,36,289,
301	0,1041,15730,884,13471,745,n,0,293,620,79,212,217,305,121,299,154,133,71,45,178,278,677,64,198,124,193,130,246,131,141,59,35,247,
302	0,785,15523,863,14156,711,n,0,312,625,78,199,160,217,117,309,194,146,65,54,170,258,652,79,259,113,170,117,226,129,143,73,30,198,
303	0,1098,20482,1059,18541,933,n,3,369,776,101,250,218,311,118,376,192,190,93,36,261,330,823,88,297,183,253,152,336,175,208,91,47,292,
304	0,970,16949,871,15256,723,n,0,315,680,80,217,158,221,129,353,168,149,64,57,226,246,686,65,226,165,237,125,271,120,134,61,32,216,
305	0,728,14359,716,12487,630,n,0,246,547,66,180,156,222,98,263,134,131,65,32,181,218,578,59,212,132,189,114,230,111,133,62,31,203,
306	0,761,16785,846,15418,702,n,0,290,614,78,216,186,279,117,339,149,157,64,51,172,257,696,74,241,113,166,125,253,143,137,74,30,238,
307	0,750,16310,979,15048,810,n,0,349,702,99,240,181,250,121,331,208,132,78,50,184,295,728,92,273,126,188,130,266,147,143,68,24,217,
308	0,1029,19219,1129,17565,928,n,0,389,800,107,283,242,332,168,365,220,184,95,56,244,334,790,80,246,179,268,135,285,142,191,82,38,270,
309	0,1154,19635,1032,17693,897,n,2,367,788,112,299,184,257,132,356,201,158,82,34,223,317,802,101,320,160,230,151,319,165,177,69,47,236,
310	0,1374,26139,1459,22812,1269,n,1,509,1067,178,431,261,382,176,492,293,215,138,48,304,456,1082,142,433,214,316,191,456,241,260,110,41,356,
311	0,932,17560,961,15582,823,n,1,334,678,97,238,194,265,111,321,196,161,102,43,211,293,695,80,261,154,221,121,273,146,181,75,30,226,
312	0,1321,23088,1217,21004,1027,n,1,433,944,150,395,199,284,180,431,234,213,114,67,295,344,888,111,359,227,314,151,363,168,223,105,38,278,
313	0,959,17798,1024,15649,894,n,1,365,766,100,268,193,274,151,329,183,142,84,44,247,310,718,78,241,193,286,131,296,141,172,65,36,244,
314	0,602,14002,818,12706,678,n,1,284,583,69,185,180,258,115,287,166,132,66,49,171,247,626,63,200,119,172,121,223,110,132,59,29,219,
315	0,898,19782,1103,18177,916,n,0,392,823,111,283,206,288,146,368,221,154,97,73,221,333,835,100,315,148,213,153,315,172,191,74,39,262,
316	0,926,18099,1017,16357,851,n,0,352,751,107,294,204,292,149,368,213,177,91,44,237,290,760,99,332,169,261,146,296,159,183,88,36,253,
317	0,878,16198,847,15165,740,n,0,293,656,93,254,166,235,120,323,149,142,69,26,210,260,656,74,255,145,230,114,279,133,144,59,36,206,
318	0,887,18573,1023,17061,817,n,0,354,719,111,287,202,278,119,368,212,151,77,55,208,294,763,85,267,143,210,135,288,131,158,76,39,261,
319	0,647,13413,720,12186,606,n,0,250,509,81,200,137,191,77,248,153,107,52,28,155,218,532,63,196,105,156,91,211,122,113,54,22,173,
320	0,902,17764,1001,16101,826,n,0,335,689,112,276,218,288,115,358,210,166,75,50,215,303,751,70,240,147,219,127,274,159,154,89,33,253,
321	0,681,12487,662,11314,569,n,0,231,469,57,147,141,207,71,241,121,102,45,30,157,198,499,60,194,112,170,92,204,103,109,46,15,175,
322	0,716,14696,814,13001,676,n,0,290,616,82,219,151,215,118,261,164,124,88,37,189,240,573,63,196,131,192,102,243,120,162,60,33,189,
323	0,688,15137,805,13598,662,n,0,276,581,76,201,176,236,111,295,151,141,72,38,196,227,590,66,213,140,208,103,222,124,141,64,29,211,
324	0,680,13628,736,12023,600,n,0,243,508,91,220,156,212,87,254,140,110,47,45,157,220,552,53,175,106,155,101,207,99,107,49,28,178,
325	0,895,16934,876,15039,713,n,0,306,611,77,196,186,255,100,307,159,135,61,43,186,259,643,72,226,121,173,102,241,118,145,65,34,234,
326	0,892,18332,1049,16468,824,n,0,362,731,127,323,196,255,122,332,206,140,90,47,200,302,736,83,267,134,191,128,276,166,174,65,30,237,
327	0,893,18468,881,16608,675,n,0,323,679,85,213,148,200,114,317,182,116,81,49,188,238,639,73,246,123,178,107,266,112,162,57,33,202,
328	0,753,17500,996,15570,816,n,1,343,685,102,250,207,287,104,327,196,142,65,40,191,296,740,91,297,131,194,135,274,148,159,59,44,237,
329	0,631,12306,708,10572,623,n,0,243,523,87,235,134,179,87,220,124,102,65,35,163,215,513,56,188,136,193,107,217,100,126,53,18,155,
330	0,701,13250,695,11652,620,n,1,243,526,66,169,142,201,106,242,125,133,77,31,173,208,517,71,226,132,195,102,209,105,139,68,27,177,
331	0,564,13493,689,11914,597,n,0,237,488,71,169,141,193,64,267,123,116,46,42,149,213,544,62,197,108,158,91,214,105,108,56,20,176,
332	0,875,17004,921,15179,783,n,0,322,651,77,200,198,284,112,323,168,144,73,45,180,289,705,83,252,120,177,124,262,144,149,64,35,236,
333	0,786,14779,792,12644,687,n,0,268,577,75,195,178,245,112,263,139,118,60,32,175,245,578,74,231,122,176,97,228,119,136,56,27,208,
334	0,93,1445,67,1261,61,n,0,23,54,6,15,14,20,12,26,12,16,7,3,17,21,56,5,21,13,20,13,21,12,14,8,3,19,
335	0,954,18008,920,15725,778,n,0,320,704,93,237,186,260,154,326,167,162,75,53,253,258,667,74,240,186,274,131,269,132,171,70,38,246,
336	0,602,15484,863,13641,732,n,0,290,596,80,197,202,281,112,291,161,133,69,47,198,255,622,75,237,145,211,111,236,132,138,67,32,229,
337	0,612,14839,831,13133,702,n,0,289,603,74,193,177,247,115,261,140,132,75,58,190,254,617,64,205,128,192,124,221,130,153,57,32,211,
338	0,552,14651,802,13053,690,n,0,280,572,94,234,147,197,82,282,162,126,55,36,167,252,626,73,242,112,165,118,233,119,124,54,23,186,
339	0,873,15660,863,13953,741,n,1,287,575,97,229,191,256,76,300,148,128,52,41,193,269,647,60,188,140,201,110,246,115,118,55,22,219,
340	0,805,17580,992,15715,764,n,0,342,754,92,258,213,300,178,295,196,143,118,55,251,252,622,76,227,184,273,123,276,132,230,68,43,259,
341	0,754,14453,794,12810,688,n,0,273,590,70,184,177,249,113,274,149,122,76,44,182,246,601,70,215,125,188,116,244,122,144,58,34,205,
342	0,721,15144,767,13396,655,n,0,265,558,83,219,151,211,85,284,156,128,60,35,174,237,591,63,202,118,166,94,239,108,125,60,32,200,
343	0,785,16103,897,14043,695,n,0,309,644,94,238,183,251,129,307,187,120,69,45,198,235,603,75,227,148,210,95,242,109,148,55,32,225,
344	0,876,17678,1024,15346,880,n,1,348,666,121,277,205,270,85,340,216,140,70,56,198,320,746,95,289,142,213,124,268,157,133,74,36,231,
345	0,997,18243,992,15639,832,n,0,333,706,114,295,210,281,119,350,164,168,80,63,215,295,744,76,258,165,234,130,290,118,165,83,39,242,
346	0,664,14392,730,12857,575,n,0,254,531,74,193,145,205,103,245,134,99,60,39,145,214,529,51,157,95,136,85,201,89,119,49,26,194,
347	0,813,15184,807,13350,691,n,0,277,572,96,228,156,206,93,256,161,118,69,26,182,242,555,65,204,141,199,86,230,114,137,58,24,190,
348	0,909,17947,908,15924,778,n,0,309,672,92,242,196,269,106,318,172,155,79,28,214,268,673,80,259,160,225,115,289,128,187,66,33,248,
349	0,818,18299,968,16089,849,n,3,319,686,112,310,215,293,85,354,193,158,76,50,224,296,734,85,261,171,244,123,324,140,170,70,25,269,
350	0,790,17651,989,15202,826,n,0,338,690,90,238,221,296,127,339,200,149,78,38,212,296,721,90,285,142,203,113,261,159,154,75,42,261,
351	0,883,17255,922,14337,783,n,0,319,652,92,237,192,266,124,311,196,152,72,45,208,279,669,74,235,150,219,115,250,138,151,75,33,240,
352	0,669,14353,785,12771,709,n,1,284,599,81,206,135,188,101,249,157,108,70,39,163,261,601,71,216,115,170,113,233,127,130,55,31,168,
353	